== 國巨 2327 ==
           市值億  大買  大賣  投信參與率  外資參與率
year                                
2020  1757.455   0   4  0.009  0.187
2021  2493.019   5   6  0.014  0.279
2022  2139.890  10   8  0.021  0.384
2023  2177.918   8  24  0.028  0.417
2024  2733.932   4  19  0.022  0.409
2025  2739.351   7  11  0.017  0.368
大買 n=34 盤中超額 +97 bp 中位 +100 勝率 82%
大賣 n=72 盤中超額 -48 bp 中位 -31 勝率 28%
只看國巨市值 ≥2000 億的日子:大買 n=33 +99 bp / 大賣 n=66 -42 bp

== ≥2000 億:各股大買日盤中超額(大買 ≥ 10 次) ==
          n_buy  n_sell  投信參與率  外資參與率        市值億   buy_oc  sell_oc
stock_id                                                          
1590         16      27  0.025  0.667   2135.982  199.320  -86.862
2345         52      54  0.044  0.524   3080.874  188.801 -120.042
2360         14       9  0.050  0.573   2819.565  186.641  -42.103
2308         44      49  0.022  0.569   7662.753  173.393  -31.094
2383         13      30  0.044  0.416   3427.857  173.378  -61.634
3653         16      56  0.064  0.400   2200.547  171.516 -151.457
6669         30      44  0.031  0.399   3842.126  151.702 -164.405
5274         10       3  0.040  0.582   2394.800  147.810 -122.684
8069         39      79  0.031  0.445   2491.784  143.963 -105.852
5347         11      11  0.035  0.417   2343.745  137.956  -20.115
2059         17      29  0.058  0.445   3178.157  128.195 -122.020
3293         12      29  0.030  0.366   2367.133   99.561    1.828
2327         33      66  0.021  0.369   2485.131   99.316  -42.018
3037         15      47  0.021  0.363   2552.370   99.060  -76.482
2317         30      34  0.014  0.418  14902.715   97.029  -39.637
…
          n_buy  n_sell  投信參與率  外資參與率       市值億  buy_oc  sell_oc
stock_id                                                        
2885        164      72  0.037  0.501  3064.703  17.323  -13.306
1101        120      65  0.028  0.421  2472.736  16.439   -3.573
2883        105      53  0.032  0.407  2480.821  11.115  -11.514
5880         10      12  0.008  0.478  3692.647   6.248   -9.437
6415         16      12  0.021  0.624  2760.220   5.663  -77.627
2801         21      13  0.022  0.419  2095.477   1.313  -13.262
1402         11       0  0.111  0.568  2023.387 -26.859      NaN
2615         14      25  0.010  0.265  2497.470 -29.651  -80.900

== 換個切法:依『投信參與率』(過去 60 日平均,T-1 以前)分組,不管市值 ==
            n                    oc_bp                   win%                 
sz      <500億 500-2000億  ≥2000億  <500億 500-2000億 ≥2000億 <500億 500-2000億 ≥2000億
itb                                                                           
<1%    1252.0     475.0   160.0  141.2      95.8   58.3  72.0      68.4   67.5
1-2%   1501.0     954.0   503.0  127.9      80.3   61.3  70.1      65.3   66.0
2-5%   4001.0    3734.0  1933.0  115.2      93.0   56.5  69.0      66.9   64.5
5-10%  2558.0    3653.0  2099.0   87.2      76.7   54.3  67.4      65.2   65.4
≥10%    524.0    1955.0   818.0   62.4      73.0   47.6  67.0      64.0   61.6

== 依產業 × 市值:大買日盤中超額 ==
                      n  oc_bp  win%
sz        grp                       
<500億     傳產/電信   931.0  105.2  69.7
          金融       80.0   48.6  62.5
          電子/其他  9441.0  115.5  69.3
500-2000億 傳產/電信  1351.0   60.4  64.0
          金融      517.0   30.9  62.3
          電子/其他  8995.0   89.1  66.1
≥2000億    傳產/電信  1081.0   43.3  64.0
          金融     1700.0   23.8  61.7
          電子/其他  2755.0   78.2  66.6

每檔每年平均大買次數(股票-年):
grp        傳產/電信    金融  電子/其他
sz                           
<500億        1.7   1.6    2.5
500-2000億   11.2   8.9   13.1
≥2000億      15.9  21.0   12.7
