                                         n      每年   命中%  T+1跳空bp  T+1盤中超額bp  盤中t  盤中勝率%  T+1盤中原始bp
投信近20日買 >5 天  外資5日 ≤ −0.5(在賣) dev   5941.0  1188.2  28.2    -23.6       10.4  4.5   51.2       -7.1
                              val   6549.0  3274.5  43.2    -30.8       10.0  3.9   49.5      -17.9
              外資5日 −0.5~0     dev  15089.0  3017.8  13.5     -4.9        3.7  2.2   48.3      -20.7
                              val   9781.0  4890.5  20.4    -10.2       11.1  4.8   49.3      -15.5
              外資5日 0~0.5      dev  16379.0  3275.8  13.6     -2.3        3.3  2.0   48.3      -19.5
                              val  10052.0  5026.0  15.7     -7.3        8.8  4.1   49.6      -16.3
              外資5日 ≥ 0.5(在買)  dev  10218.0  2043.6  14.7     -5.8        8.1  4.2   50.8      -13.8
                              val   8002.0  4001.0  16.0    -11.4       12.4  5.6   50.6      -16.9
投信近20日買 1~5 天 外資5日 ≤ −0.5(在賣) dev   6253.0  1250.6   6.8    -20.2       15.5  6.8   50.8       -7.3
                              val   4010.0  2005.0  11.6    -17.6        3.6  1.0   47.7      -29.3
              外資5日 −0.5~0     dev  20858.0  4171.6   2.9     -6.0        0.6  0.4   47.0      -28.1
                              val  10795.0  5397.5   4.5     -4.6        6.2  2.7   46.9      -25.9
              外資5日 0~0.5      dev  24057.0  4811.4   2.8      2.4        0.8  0.6   47.0      -26.8
                              val  13563.0  6781.5   3.9      0.6       -2.0 -1.0   45.9      -32.1
              外資5日 ≥ 0.5(在買)  dev  16521.0  3304.2   4.4      0.2        2.3  1.5   48.3      -21.7
                              val  11434.0  5717.0   5.2     -0.5        9.3  4.5   49.1      -23.3
