== 超額報酬(bp)：大買 / 大賣 / 其他，2019–2025 ==
            n  gap_bp  oc_bp  oc_med_bp  oc_t  oc_win%  post5_bp
grp                                                             
其他   626626.0     0.8    0.2      -12.7   0.8     46.8      -1.5
大買    28491.0    -2.8   90.1       66.2  73.4     66.9      -2.3
大賣    33067.0   -19.2  -75.8      -64.8 -74.8     32.7      11.8

== 每年：大買 ==
           n  gap_bp  oc_bp  oc_med_bp  oc_t  oc_win%  post5_bp
year                                                           
2019  1577.0    14.2   99.6       69.8  18.5     66.3      48.1
2020  2234.0     2.5  102.1       75.3  22.0     67.5      61.1
2021  2026.0     5.1  119.7       90.9  21.9     68.8      21.5
2022  4359.0     3.0  105.1       79.7  34.2     70.2       6.7
2023  5269.0    -8.5   75.6       54.6  30.3     66.3      11.0
2024  7928.0    -9.9   84.8       62.0  36.0     65.8     -22.1
2025  5098.0    -1.6   80.7       61.0  28.1     65.5     -46.0

== 每年：大賣 ==
           n  gap_bp  oc_bp  oc_med_bp  oc_t  oc_win%  post5_bp
year                                                           
2019  3083.0   -18.6  -89.1      -78.8 -27.7     29.1      18.4
2020  3852.0   -24.7  -99.3      -87.7 -32.6     27.6     -26.0
2021  3399.0   -24.8  -86.3      -76.5 -26.9     31.0      -0.4
2022  3994.0   -19.8  -78.5      -69.8 -25.1     33.5      15.1
2023  5052.0   -17.8  -73.5      -63.0 -30.0     32.7      -2.6
2024  6319.0   -18.9  -73.5      -62.2 -30.9     33.8      30.3
2025  7368.0   -15.1  -55.0      -45.6 -26.9     36.3      26.7

== 依 投信淨買 / 當日成交量 分組 ==
                        n  gap_bp  oc_bp  oc_med_bp  oc_t  oc_win%  post5_bp
nv_bin                                                                      
(-1.0, -0.3]       6710.0   -13.6  -65.9      -60.3 -32.5     33.2      41.5
(-0.3, -0.2]       8310.0   -18.2  -74.6      -65.1 -38.6     32.0      11.1
(-0.2, -0.1]      20027.0   -21.1  -76.5      -64.1 -57.0     33.1       1.9
(-0.1, -0.05]     22606.0   -18.7  -56.2      -46.2 -42.9     37.9     -12.9
(-0.05, -1e-09]  102041.0    -9.8  -18.1      -17.8 -28.1     45.0     -10.8
(-1e-09, 1e-09]  340598.0     1.8   -6.8      -22.9 -14.9     44.6      -8.8
(1e-09, 0.05]    131606.0     7.8   27.2        9.0  43.7     52.4      18.7
(0.05, 0.1]       26400.0    12.1   77.9       44.9  54.8     61.4      33.3
(0.1, 0.2]        18918.0     1.7   86.5       59.4  55.7     65.0      19.2
(0.2, 0.3]         6239.0    -7.4   85.1       64.2  35.0     67.6      -8.9
(0.3, 1.0]         4729.0   -17.2   90.9       74.7  33.9     70.3     -65.6

oc_x ~ ['f_it', 'f_fi']: n=688184 R2=0.1044
       coef_bp      t
const     1.03   1.71
f_it    682.74  36.48
f_fi    336.91  34.51

oc_x ~ ['sq_it', 'sq_fi']: n=688184 R2=0.1102
       coef_bp      t
const     1.32   2.16
sq_it   283.03  37.38
sq_fi   192.32  41.52

gap_x ~ ['f_it', 'f_fi']: n=687540 R2=0.0053
       coef_bp      t
const    -0.36  -0.72
f_it    115.64  18.62
f_fi     27.27  10.87

post5_x ~ ['f_it', 'f_fi']: n=685737 R2=0.0003
       coef_bp     t
const    -0.67 -0.44
f_it     29.40  1.48
f_fi     52.34  9.70
